-1
-1.00099949983337
-0.997998001334000
0.996995504503373
1.00399198934401
0.994987520859349
-1.00598196405406
-1.00697544293352
0.991968085503727
1.00895937877387
0.989950167082499
1.01093927877805
1.01192771286607
-1.01291513502646
-0.985902458929508
-1.01488693961569
-1.01587132007271
1.01685468465851
-1.01783703238970
1.01881836228394
0.979801339973245
-0.978781051569222
-0.977759784384230
-0.976737539439534
1.02370970989009
0.974690120360990
-0.973664948274561
-1.02663224176241
-0.971611684133247
0.970583594131626
-0.969554533546492
1.03051457355071
-1.03148258263546
-1.03244956023770
-0.965428605966570
0.964394707919153
1.03534429448485
0.962324019675298
-1.03726894220342
-1.03822971064033
0.959210772474344
1.04014813186554
0.957130476557329
1.04206239249961
1.04301796020149
-1.04397248488550
-0.952958407497904
-1.04587840138285
-1.04682979129026
1.04778013436798
-1.04872942966564
1.04967767623397
0.946671736121713
-0.945620638087863
-0.944568594433455
-0.943515606210530
1.05440314498359
0.941406800272031
-0.940350984665262
-1.05722578095534
-0.938236533455759
0.937177899967478
-0.936118329301375
1.06097449005607
-1.06190901723554
-1.06284248250608
-0.931870696064189
0.930806455421242
1.06563649753481
0.928675182781384
-1.06749384759081
-1.06842092184225
0.925471311428203
1.07027186415661
0.923330768056647
1.07211852538495
1.07304024828286
-1.07396089814061
-0.919038609924956
-1.07579897505412
-1.07671640027179
1.07763274877316
-1.07854801964186
1.07946221196264
0.912572823131007
-0.911491991699875
-0.910410248776827
-0.909327595443605
1.08401696338864
0.907159561878167
-0.906074183813983
-1.08673681332721
-0.903900710549574
0.902812617522823
-0.901723621683529
1.09034806138980
-1.09124814978983
-1.09214714694180
-0.897358631994364
0.896265138445313
1.09483758192485
0.894075463646409
-1.09662573255412
-1.09751816337706
0.890784248625316
1.09929973157738
0.888585649528594
1.10107690258024
1.10196383691047
-1.10284966927696
-0.884177797119522
-1.10461802457648
-1.10550054574115
1.10638196140536
-1.10726227068771
1.10814147270788
0.877539515308523
-0.876430057157052
-0.875319722575597
-0.874208512674492
1.11252084314279
0.871983471359046
-0.870869642169747
-1.11513512215951
-0.868639372297140
0.867522933844101
-0.866405627868201
1.11860521158149
-1.11946993959020
-1.12033354812907
-0.861927751095093
0.860806124281785
1.12291764829611
0.858560289359499
-1.12463476858864
-1.12549164221190
0.855185100587095
1.12720201212801
0.852930696938573
1.12890787323758
1.12975911085687
-1.13060921871715
-0.848411663507836
-1.13230604176137
-1.13315275524847
1.13399833558292
-1.13484278191913
1.13568609341265
0.841607683700319
-0.840470734816713
-0.839332945462443
-0.838194316775297
1.13988559876379
0.835914545957732
-0.834773406107082
-1.14239163006538
-0.832488623227748
0.831344982483847
-0.830200510395032
1.14571700777840
-1.14654548998987
-1.14737282565595
-0.825614331492527
0.824465719862813
1.14984794511421
0.822166024355867
-1.15149227688886
-1.15231271594871
0.818710317730537
1.15395013631127
0.816402417842565
1.15558294087482
1.15639761019024
-1.15721112310815
-0.811776830485530
-1.15883467649853
-1.15964471534745
1.16045359455175
-1.16126131330255
1.16206787079213
0.804814119362297
-0.803650843882869
-0.802486764752665
-0.801321883135762
1.16608321113299
0.798989717102190
-0.797822435017687
-1.16847842876237
-0.795485478549655
0.794315806503083
-0.793145340140770
1.17165568987020
-1.17244707799105
-1.17323729366491
-0.788455554955330
0.787281134587155
1.17560089810832
0.784929933182806
-1.17717075771304
-1.17795392215158
0.781397247046181
1.17951671638521
0.779038214006582
1.18107479255354
1.18185205941489
-1.18262814442428
-0.774310808920528
-1.18417676578402
-1.18494930058575
1.18572065043827
-1.18649081457025
1.18725979221151
0.767196495689379
-0.766008084706574
-0.764818907715749
-0.763628965906080
1.19108685618442
0.761246792590740
-0.760054563467243
-1.19336880764802
-0.757667826249736
0.756473320542464
-0.755278058361935
1.19639469891292
-1.19714818263085
-1.19790046920069
-0.750489468823806
0.749290442221008
1.20015013850484
0.746890142344048
-1.20164391854056
-1.20238900646584
0.743284093858051
1.20387557440580
0.740876343110531
1.20535732684506
1.20609639539899
-1.20683425785662
-0.736051960745192
-1.20830636153276
-1.20904060127916
1.20977363198507
-1.21050545291744
1.21123606334446
0.728793329841239
-0.727581000184063
-0.726367942945948
-0.725154159339950
1.21487093237032
0.722724417880166
-0.721508462456122
-1.21703728114923
-0.719074388299503
0.717856272001002
-0.716637437846289
1.21990870432295
-1.22062351213647
-1.22133709932658
-0.711754947052738
0.710532541913790
1.22347053002667
0.708085601261560
-1.22488670099316
-1.22559294950025
0.704409882704750
1.22700176903085
0.701955879575688
1.22840568055602
1.22910579406091
-1.22980467846010
-0.697039459677059
-1.23119875714711
-1.23189395004084
1.23258791104073
-1.23328063945281
1.23397213458435
0.689643943304101
-0.688408936292191
-0.687173240871403
-0.685936858277431
1.23741108687488
0.683462036516151
-0.682223599823665
-1.23945961481726
-0.679744681007184
0.678504201362107
-0.677263043212885
1.24217362981337
-1.24284902982173
-1.24352318698118
-0.672291650407862
0.671047118368813
1.24553819463059
0.668556042394731
-1.24687530649253
-1.24754199244466
0.664814417381732
1.24887162105782
0.662316674555907
1.25019625418616
1.25085669578695
-1.25151588653114
-0.657313251108376
-1.25283051281426
-1.25348594703854
1.25414012777699
-1.25479305437541
1.25544472618088
0.649788421628970
-0.648532001801594
-0.647274933442270
-0.646017217808066
1.25868424054943
0.643499849746529
-0.642240199836563
-1.26061285014166
-0.639718974556484
0.638457401707596
-0.637195190401359
1.26316667804593
-1.26380197869856
-1.26443601554931
-0.632139985856703
0.630874601209617
1.26633053695628
0.628341940557815
-1.26758722062795
-1.26821366139696
0.624538240185703
1.26946273766916
0.621999315133519
1.27070673609209
1.27132682955429
-1.27194565168977
-0.616914011205506
-1.27317947950655
-1.27379448395401
1.27440821460710
-1.27502067085208
1.27563185207649
0.609267573387532
-0.607991027208808
-0.606713873039108
-0.605436112155586
1.27866861154341
0.602878775358722
-0.601599202002717
-1.28047532805778
-0.599038251773427
0.597756877461091
-0.596474905391927
1.28286635397360
-1.28346090477813
-1.28405417212186
-0.591341065195377
0.590056123583565
1.28582626746200
0.587484471477250
-1.28700123620913
-1.28758679037442
0.583622590402845
1.28875403536068
0.581045082761708
1.28991612533252
1.29049523573462
-1.29107305564158
-0.575883105260090
-1.29222482166014
-1.29279876661997
1.29337141878114
-1.29394277757100
1.29451284241818
0.568122888387741
-0.566827522929414
-0.565531590643612
-0.564235092826267
1.29734373760713
0.561640405783501
-0.560342219152766
-1.29902671112379
-0.557744166163528
0.556444302403076
-0.555143882198368
1.30125248684955
-1.30180567903790
-1.30235756942069
-0.549936662953697
0.548633480045094
1.30400542422322
0.546025469631316
-1.30509747498047
-1.30564154298574
0.542109362083394
1.30672576152920
0.539495910995911
1.30780475317136
1.30834228755490
-1.30887851359625
-0.534262545334603
-1.30994703850884
-1.31047933631154
1.31101032363501
-1.31153999994827
1.31206836472164
0.526396495191881
-0.525083636794994
-0.523770253314514
-0.522456346063825
1.31469049704329
0.519826965507969
-0.518511494832182
-1.31624800434442
-0.515878999262243
0.514561977000586
-0.513244440176994
1.31830625088026
-1.31881751803198
-1.31932746636629
-0.507969173621712
0.506649083761746
1.32084939337188
0.504007385415285
-1.32185740797471
-1.32235943274185
0.500041061145792
1.32335951469746
0.497394342557517
1.32435430321678
1.32484971119351
-1.32534379432065
-0.492094947245674
-1.32632798405111
-1.32681808967024
1.32730686847140
-1.32779431996580
1.32828044366598
0.484131117980603
-0.482802110897438
-0.481472621012204
-0.480142649654389
1.33069112828596
0.477481267841381
-0.476149860047569
-1.33212157462018
-0.473485617342369
0.472152785095223
-0.470819480695331
1.33401018450149
-1.33447900312368
-1.33494648726698
-0.465481568241447
0.464145923086787
1.33634092815537
0.461473241675923
-1.33726387448489
-1.33772334198441
0.457460761854339
1.33863826335564
0.454783485773841
1.33954783017559
1.34000060449105
-1.34045203880601
-0.449423486929211
-1.34135088563006
-1.34179829724030
1.34224436705236
-1.34268909462016
1.34313247949897
0.441370032807091
-0.440026237824776
-0.438682002816261
-0.437337329125779
1.34532924808687
0.434646671078048
-0.433300689411457
-1.34663116880212
-0.430607427522730
0.429260149993856
-0.427912443204867
1.34834820825741
-1.34877409832077
-1.34919863961014
-0.422517350408314
0.421167517542892
1.35046416659569
0.418466589659856
-1.35130109963552
-1.35171753941285
0.414412062714915
1.35254636340014
0.411706970438964
1.35336977720378
1.35377945425662
-1.35418777753012
-0.406291856232015
-1.35500036110716
-1.35540462059811
1.35580752468455
-1.35620907296358
1.35660926503366
0.398157023286170
-0.396799816333348
-0.395442212580743
-0.394084213385958
1.35858986829039
0.391367034102241
-0.390007856730487
-1.35976193033362
-0.387288333323074
0.385927990006938
-0.384567260762844
1.36130564126451
-1.36168816669483
-1.36206933043709
-0.379120511727232
0.377757873261957
1.36320464773075
0.375031464420897
-1.36395471053458
-1.36432769619177
0.370939041833913
1.36506957415180
0.368208903140633
1.36580599183534
1.36617215215206
-1.36653694629674
-0.362744218175149
-1.36726243461218
-1.36762312805744
1.36798245387970
-1.36834041171961
1.36869700121922
0.354536335763708
-0.353167106501708
-0.351797524072631
-0.350427589846060
1.37045941118012
0.347686671480520
-0.346315690082469
-1.37150041446221
-0.343572689710711
0.342200673480005
-0.340828315048653
1.37286921624359
-1.37320798536826
-1.37354538128505
-0.335335486769067
0.333961437926661
1.37454932642111
0.331212339732002
-1.37521175099017
-1.37554090062250
0.327086211786115
1.37619507293705
0.324333822098973
1.37684374047313
1.37716600913756
-1.37748690063609
-0.318825161734864
-1.37812455085329
-1.37844130893430
1.37875668857412
-1.37907068945736
1.37938331127003
0.310552634012224
-0.309172784412170
-0.307792625639357
-0.306412159073944
1.38092572338128
0.303650308087490
-0.302268926428300
-1.38183460200583
-0.299505257684899
0.298122973364358
-0.296740390920868
1.38302709310430
-1.38332175905332
-1.38361504168070
-0.291207107573512
0.289823055259928
1.38448658670706
0.287054082548010
-1.38506069477647
-1.38534567136349
0.282898474037702
1.38591146821727
0.280126651563238
1.38647172142702
1.38674976846420
-1.38702642875173
-0.274579656187380
-1.38757558797258
-1.38784808635674
1.38811919689292
-1.38838891931003
1.38865725333833
0.266250953499089
-0.264861896406401
-0.263472574451839
-0.262082989024725
1.38997808830471
0.259303033311441
-0.257912665805228
-1.39075391165943
-0.255131158445494
0.253740021373480
-0.252348630561466
1.39176887106829
-1.39201913212948
-1.39226800117167
-0.246780557744998
0.245387919108870
1.39300625370238
0.242601907065800
-1.39349145743565
-1.39373196918622
0.238421072971076
1.39420881125269
0.235632655813307
1.39468007648577
1.39491361719984
-1.39514576300041
-0.230053005064277
-1.39560586893385
-1.39583382860662
1.39606039244568
-1.39628556022446
1.39650933171780
0.221676655274140
-0.220279812961909
-0.218882750369882
-0.217485468895124
1.39760723711972
0.214690254886754
-0.213292325148355
-1.39824921082928
-0.210495827192780
0.209097261772100
-0.207698487254176
1.39908559931877
-1.39929119924668
-1.39949539988352
-0.202101326188632
0.200701527170235
1.40009960401250
0.197901328428910
-1.40049540660339
-1.40069120725450
0.193699549558568
1.40107860628906
0.190897392813016
1.40146040101105
1.40164919627672
-1.40183658989331
-0.185290799765640
-1.40220717143107
-1.40239035898167
1.40257214414203
-1.40275252673035
1.40293150656627
0.176875379523931
-0.175472182236629
-0.174068809477160
-0.172665262648896
1.40380535824452
0.169857652400342
-0.168453591787662
-1.40431282498394
-0.165644966605798
0.164240404845240
-0.162835678844290
1.40496978616535
-1.40513051444361
-1.40528983759148
-0.157215160533529
0.155809634404747
1.40575937466651
0.152998116124000
-1.40606537084776
-1.40621625991665
0.148779694732459
1.40651381925652
0.145966667562784
1.40680575254299
1.40694960905040
-1.40709205860833
-0.140338872878448
-1.40737273630730
-1.40751096416768
1.40764778451721
-1.40778319721907
1.40791720213786
0.131892998840169
-0.130484883329210
-0.129076637333379
-0.127668262260922
1.40856610534469
0.124851130519754
-0.123442376668176
-1.40893854551236
-0.120624500046797
0.119215380094873
-0.117806140927579
1.40941540671483
-1.40953109877174
-1.40964538129767
-0.112168020291241
0.110758206188017
1.40997977055379
0.107938247116903
-1.41019564701205
-1.41030147000149
0.103707502499069
1.41050888497192
0.100886485199295
1.41071065790869
1.41080942836136
-1.41090678800471
-0.0952432512480069
-1.41109727447546
-1.41119040111237
1.41128211655899
-1.41137242072362
1.41146131351594
0.0867755712501865
-0.0853639793028152
-0.0839523019914722
-0.0825405407278342
1.41188460383116
0.0797167719907999
-0.0783047673411724
-1.41212163608090
-0.0754805245397178
0.0740682892121333
-0.0726559798162657
1.41241790904023
-1.41248844641723
-1.41255757130589
-0.0670060297972319
0.0655933712460205
1.41275647035773
0.0627678587762235
-1.41288200605436
-1.41294265461088
0.0585291228449100
1.41305971283706
0.0557030038902558
1.41317111882627
1.41322470209187
-1.41327687213289
-0.0500501088504866
-1.41337697233391
-1.41342490239381
1.41347141902892
-1.41351652219273
1.41356021184014
0.0415692930575503
-0.0401556700205781
-0.0387420068279397
-0.0373283048932978
1.41375745585146
0.0345007904528472
-0.0330869807745530
-1.41385883748295
-0.0302592635708734
0.0288453588732048
-0.0274314253301798
1.41397421884152
-1.41399952931449
-1.41402342578805
-0.0217754309835865
0.0203613744233082
1.41408663098036
0.0175332016327094
-1.41412169737778
-1.41413710940254
0.0132908144831361
1.41416369102707
0.0104624875724698
1.41418461599873
1.41419295721269
-1.41419988423381
-0.00480571951479933
-1.41420949567124
-1.41421218007793
1.41421345027257
-1.41421330625387
1.41421174802198
-0.00367954845892058
0.00509375515902385
0.00650795676537189
0.00792215186376372
1.41418274376876
-0.0107505168799072
0.0121646839692937
-1.41414837097608
0.0149929802398631
-0.0164071065927499
0.0178212165385315
1.41408274259346
-1.41406280024669
-1.41404144383724
0.0234774639686849
-0.0248914706676702
1.41396889045342
-0.0277194079772545
-1.41391345164671
-1.41388361135913
-0.0319611025113392
1.41381968916477
-0.0347887414183955
1.41375011169352
1.41371320231517
-1.41367487922372
0.0404435904577553
-1.41359399205629
-1.41355142806118
1.41350745051477
-1.41346205946102
1.41341525494534
-0.0489246224392821
0.0503379647784266
0.0517512567796103
0.0531644970295413
1.41316003212539
-0.0559908166227386
0.0574038931396859
-1.41298994010327
0.0602298725488955
-0.0616427726151792
0.0630556110386959
1.41274336917719
-1.41267819442991
-1.41261160700454
0.0687063200492744
-0.0701188290676607
1.41240336933293
-0.0729436353355254
-1.41225748208657
-1.41218242004052
-0.0771802941295510
1.41202805947799
-0.0800043497778313
1.41186805080510
1.41178592862640
-1.41170239466189
0.0856514897275753
-1.41153109171099
-1.41144332289589
1.41135414263760
-1.41126355102528
1.41117154814952
-0.0941196018812189
0.0955306327203448
0.0969415680288459
0.0983524063957866
1.41069036808873
-0.101173786661734
0.102584325739361
-1.41038473099654
0.105405094731225
-0.106815321824695
0.108225442102852
1.40995746999408
-1.40984712957952
-1.40973537931795
0.113864826861578
-0.115274391913553
1.40939167057571
-0.118093174784908
-1.40915548426551
-1.40903527731795
-0.122320459870461
1.40879063643899
-0.125138040673743
1.40854036039935
1.40841310950625
-1.40828445020015
0.130771689356000
-1.40802290686503
-1.40789002309755
1.40775573144016
-1.40762003202716
1.40748292499424
-0.139218211074845
0.140625485641667
0.142032619583014
0.143439611491754
1.40677628037894
-0.146253163583586
0.147659720953127
-1.40633541116235
0.150472391306673
-0.151878501478008
0.153284459770855
1.40572789756145
-1.40557250445856
-1.40541570578328
0.158906746040497
-0.160311923854613
1.40493687789815
-0.163121797142097
-1.40461063435824
-1.40444540559059
-0.167335380148624
1.40411073488608
-0.170143601150360
1.40377044774049
1.40359819842678
-1.40342454551498
0.175757990201139
-1.40307302959317
-1.40289516693466
1.40271590138110
-1.40253523311176
1.40235316230730
-0.184174272984988
0.185576350353314
0.186978242145306
0.188379946959070
1.40142177667983
-0.191182790045289
0.192583925514901
-1.40084612675040
0.195385617301453
-0.196786170816702
0.198186527545797
1.40005898259190
-1.39985869590964
-1.39965700936880
0.203785958596479
-0.205185310393437
1.39904355261868
-0.207983397032326
-1.39862758589395
-1.39841750448603
-0.212178963619004
1.39799314662952
-0.214974949446266
1.39756319680229
1.39734612543621
-1.39712765672413
0.220564330221755
-1.39668652813721
-1.39646386870350
1.39623981280603
-1.39601436066888
1.39578751251747
-0.228941756532439
0.230337201097555
0.231732415325490
0.233127397821029
1.39463233953532
-0.235916662035222
0.237310940964613
-1.39392249830829
0.240098785496589
-0.241492348311329
0.242885669633743
1.39295652955902
-1.39271155437346
-1.39246518647645
0.248456512137340
-0.249848605103172
1.39171772898746
-0.252632040097241
-1.39121246499147
-1.39095774604829
-0.256805294370487
1.39044413554515
-0.259586182178096
1.38992496326733
1.38966329211100
-1.38940023129150
0.265144831640772
-1.38886994171660
-1.38860271349149
1.38833409666378
-1.38806409150210
1.38779269827643
-0.273474823725753
0.274862206674358
0.276249314760778
0.277636146597907
1.38641492073581
-0.280408975977240
0.281794970746616
-1.38557161502655
0.284566113514812
-0.285951258742490
0.287336118018933
1.38442781075412
-1.38413839789843
-1.38384760090446
0.292872667919492
-0.294256076672641
1.38296690800775
-0.297022010027667
-1.38237286408670
-1.38207376841819
-0.301168678939757
1.38147143116070
-0.303931621341588
1.38086356801933
1.38055756500115
-1.38025018142553
0.309453847920106
-1.37963127383284
-1.37931975043468
1.37900684771689
-1.37869256599237
1.37837690557540
-0.317727876595352
0.319105777368532
0.320483359035961
0.321860620220058
1.37677793420011
-0.324614175629532
0.325990467101354
-1.37580202747999
0.328742070697714
-0.330117380070647
0.331492359326228
1.37448155884002