1.00000000000000
0.998999500166709
-1.00199799866733
1.00299549550338
-0.995992010677325
1.00498747919273
0.993982036053935
0.992975557266568
1.00796791483761
-0.990959621772882
1.00994983375083
-0.988939722442030
-0.987928288861922
0.986915867353608
-1.01390154427180
0.984888064603031
0.983872685388572
-0.982856322301509
0.981838976358207
-0.980820648576009
1.01979867335991
-1.02077796463729
-1.02175623513679
-1.02273348388014
-0.975714317757380
1.02468491219042
-1.02565908980591
0.972638802523265
-1.02760436708675
1.02857546480681
-1.02954553395148
-0.968524503406905
0.967493504742895
0.966461538585462
-1.03341550539047
1.03438041712782
-0.963359845477108
1.03630713649766
0.961287231549548
0.960249482136647
1.03918944084761
-0.958171103601348
1.04110578273542
-0.956088892382913
-0.955046352119684
0.954002856810182
-1.04492596559711
0.951913005227297
0.950866651043764
-0.949819345993659
0.948771091124288
-0.947721887483904
1.05062487312471
-1.05157101939066
-1.05251611408567
-1.05346015626467
-0.942461674472079
1.05534507929946
-1.05628595827033
0.939294228707586
-1.05816454641465
1.05910225370950
-1.06003890190219
-0.935057822517020
0.933996380674921
0.932934004836519
-1.06377488493423
1.06470622358759
-0.929741283971916
1.06656570584562
0.927608152915747
0.926540195442034
1.06934692767285
-0.924401501943137
1.07119573036860
-0.922259110839465
-0.921186531363250
0.920113030700580
-1.07488047403756
0.917963270110798
0.916887012333447
-0.915809837669160
0.914731747195112
-0.913652741989392
1.08037532482129
-1.08128735730471
-1.08219830850086
-1.08310817749879
-0.908244032782865
1.08492466526161
-1.08583128221001
0.904987899675691
-1.08764125770769
1.08854461444701
-1.08944688264180
-0.900633724120688
0.899542925924198
0.898451228184858
-1.09304505194672
1.09394186390667
-0.895170748631198
1.09573220510554
0.892979284586231
0.891882212546842
1.09840949668192
-0.889685393919615
1.10018886717320
-0.887485016551998
-0.886383496090459
0.885281089245499
-1.10373439879387
0.883073620815822
0.881968561438575
-0.880862620092840
0.879755797884559
-0.878648095920552
1.10901956658667
-1.10989655144598
-1.11077242640884
-1.11164719059936
-0.873096428564947
1.11339338316546
-1.11426480979484
0.869754942110878
-1.11600431938915
1.11687240061456
-1.11773936496766
-0.865287455486746
0.864168417817907
0.863048515980722
-1.12119603633448
1.12205740334395
-0.859683636662424
1.12377677033072
0.857436083496355
0.856311020197200
1.12634739034360
-0.854058325791962
1.12805550671050
-0.851802215154559
-0.850672881568401
0.849542697309432
-1.13145819596831
0.847279781294648
0.846147051801749
-0.845013476161868
0.843879055508582
-0.842743790976311
1.13652826922017
-1.13736930849951
-1.13820921040964
-1.13904797411066
-0.837054849893904
1.14072208353143
-1.14155742757707
0.833631431483097
-1.14322469016216
1.14405660703434
-1.14488737985001
-0.829055208105776
0.827909076761381
0.826762117507978
-1.14819901394930
1.14902405404373
-0.823316283767447
1.15067068633683
0.821014942778331
0.819863040185920
1.15313200269595
-0.817556776564905
1.15476711597656
-0.815247242717874
-0.814091252346009
0.812934447882960
-1.15802347881503
0.810618401311338
0.809459161518811
-0.808299112267191
0.807138254716526
-0.805976590027673
1.16287326621395
-1.16367749876259
-1.16448056763383
-1.16528247202460
-0.800156200197043
1.16688278415827
-1.16768119030087
0.796654355110816
-1.16927449874554
1.17006939945430
-1.17086313009377
-0.791974080633183
0.790802029151581
0.789629186868017
-1.17402633610157
1.17481420451200
-0.786105926937911
1.17638641610384
0.783753154497832
0.782575592059770
1.17873590863630
-0.780218120635409
1.18029634461750
-0.777857528339606
-0.776676064815167
0.775493824614727
-1.18340304680563
0.773127018915584
0.771942455783685
-0.770757120709395
0.769571014878049
-0.768384139475752
1.18802758259307
-1.18879418494715
-1.18955959850715
-1.19032382250764
-0.762438260467509
1.19184869877443
-1.19260934951585
0.758861574289245
-1.19412707241148
1.19488414304796
-1.19564001880040
-0.754082040903410
0.752885269362907
0.751687744937198
-1.19865155787016
1.19940144788817
-0.748090666327830
1.20089762897147
0.745688871470187
0.744486854907515
1.20313289200222
-0.742080589524555
1.20461705293390
-0.739671355820226
-0.738465628858627
0.737259163431460
-1.20757091348010
0.734844022007024
0.733635348424895
-0.732425941207479
0.731215801564183
-0.730004930705146
1.21196546253551
-1.21269364976121
-1.21342062429335
-1.21414638540498
-0.723939650579854
1.21559426446482
-1.21631638096517
0.720291785523675
-1.21775696429612
1.21847542968614
-1.21919267660083
-0.715417887054198
0.714197620844279
0.712976640436799
-1.22204946517969
1.22276060898343
-0.709309426242358
1.22417922759948
0.706861068195219
0.705635828267869
1.22629797241449
-0.703183232731806
1.22770433864556
-0.700727824463750
-0.699499068624045
0.698269613285330
-1.23050233305472
0.695808609029388
0.694577062573165
-0.693344821539937
0.692111887161946
-0.690878260672125
1.23466239574386
-1.23535142224108
-1.23603921338698
-1.23672576849376
-0.684699789746657
1.23809516784502
-1.23877801072010
0.680984480907637
-1.24013997945492
1.24081910395270
-1.24149698763147
-0.676021207800676
0.674778696367317
0.673535510155316
-1.24419610061753
1.24486777005789
-0.669801915282702
1.24620737366519
0.667309500950774
0.666062292197372
1.24820743085490
-0.663565877751731
1.24953456238921
-0.661066809043464
-0.659816282464267
0.658565096068842
-1.25217382575956
0.656060748834714
0.654807590500358
-0.653553777358466
0.652299310662851
-0.651044191667979
1.25609514254173
-1.25674430280754
-1.25739220632916
-1.25803885245867
-0.644758856156699
1.25932836995606
-1.25997124003443
0.640979907686451
-1.26125319963614
1.26189228787753
-1.26253011422674
-0.635932341899986
0.634668857466324
0.633404738363856
-1.26506878796415
1.26570029531031
-0.629608585687983
1.26695951227182
0.627074667085759
0.625806766539088
1.26883883395242
-0.623269089294129
1.27008537192326
-0.620728918973645
-0.619457902084903
0.618186265738312
-1.27256320187971
0.615641139758740
0.614367652670886
-0.613093551215430
0.611818836666474
-0.610543510298733
1.27624175766916
-1.27685038702018
-1.27745773952091
-1.27806381456402
-0.604157745836002
1.27927212985430
-1.27987436889317
0.600319027047560
-1.28107500674716
1.28167340436164
-1.28227052030283
-0.595192336847909
0.593909173111603
0.592625415466173
-1.28464615541152
1.28523685405513
-0.588770591915679
1.28641439504271
0.586197763554398
0.584910469433832
1.28817105695302
-0.582334127749316
1.28933572501441
-0.579755456729066
-0.578465250941015
0.577174466687762
-1.29164958447560
0.574591167949361
0.573298656047511
-0.572005570847053
0.570711913641072
-0.569417685723226
1.29508161275264
-1.29564908800559
-1.29621526760955
-1.29678015099836
-0.562938030773876
1.29790602687226
-1.29846701823148
0.559043472179860
-1.29958510498949
1.30014219927020
-1.30069799340882
-0.553842906849824
0.552541377658420
0.551239295925684
-1.30290815744601
1.30345744256328
-0.547329748503057
1.30455210187784
0.544720644734152
0.543415275116388
1.30618430534957
-0.540802906941083
1.30726591098318
-0.538188375554872
-0.536880301925503
0.535571691415876
-1.30941343075921
0.532952864990829
0.531642651694235
-0.530331906755033
0.529020631483968
-0.527708827192316
1.31259541742675
-1.31312115753656
-1.31364558452531
-1.31416869786859
-0.521141916356834
1.31521098152759
-1.31573015080103
0.517195505644944
-1.31676454163992
1.31727976217099
-1.31779366542240
-0.511926390109005
0.510607828114669
0.509288755512547
-1.31983609537324
1.32034340454421
-0.505328487252738
1.32135406135027
0.502685779570489
0.501363671039955
1.32286013514967
-0.498717951210609
1.32385757088585
-0.496070236510123
-0.494745634392534
0.493420537529353
-1.32583655210410
0.490768864867090
0.489442291719682
-0.488115229130022
0.486787678425174
-0.485459640932689
1.32876523908584
-1.32924870574057
-1.32973084314670
-1.33021165082210
-0.478812198153964
1.33116927505881
-1.33164609066249
0.474817976103938
-1.33259572645642
1.33306854569704
-1.33354003186923
-0.469485705475998
0.468151460770999
0.466816747914578
-1.33541263646391
1.33587745024831
-0.462809813786243
1.33680306972161
0.460136208092400
0.458798714372708
1.33818147176071
-0.456122351875247
1.33909371631242
-0.453444164888987
-0.452104390560005
0.450764164126672
-1.34090213266904
0.448082360308301
0.446740785605068
-0.445398764161086
0.444056297318378
-0.442713386419409
1.34357452124542
-1.34401521941746
-1.34445457357440
-1.34489258327687
-0.435992218098005
1.34576456756773
-1.34619854128414
0.431954274444213
-1.34706244968905
1.34749238351363
-1.34792096984595
-0.426564308503471
0.425215747237802
0.423866760756421
-1.34962183170099
1.35004367417012
-0.419817263509988
1.35088330855720
0.417115497343169
0.415763987911018
1.35213262747275
-0.413059723106784
1.35295874678128
-0.410353806064207
-0.409000231335679
0.407646247606954
-1.35459474661596
0.404937058565253
0.403581855961467
-0.402226249775859
0.400870241364034
-0.399513832082001
1.35700810049458
-1.35740557894751
-1.35780169999498
-1.35819646324086
-0.392725820106994
1.35898191475016
-1.35937260222814
0.388648289350909
-1.36014989867729
1.36053650687117
-1.36092175452866
-0.383206146951521
0.381844649934083
0.380482771072028
-1.36244913211014
1.36282757133417
-0.376394857038840
1.36358036092279
0.373667696771521
0.372303555454479
1.36469931752139
-0.369574157274336
1.36543846571274
-0.366843280798057
-0.365477291612231
0.364110936949144
-1.36690037390459
0.361377136656968
0.360009693761679
-0.358641890856727
0.357273729309914
-0.355905210489401
1.36905222202195
-1.36940607377257
-1.36975855611723
-1.37010966870345
-0.349057305191928
1.37080778319748
-1.37115478440718
0.344944362368757
-1.37184467301694
1.37218755972711
-1.37252907424983
-0.339455615789014
0.338082577073789
0.336709200276014
-1.37388140365657
1.37421605214681
-0.332587055122845
1.37488122614619
0.329837293128847
0.328461916688425
1.37586867471405
-0.325710179797620
1.37652009496508
-0.322957140066530
-0.321580135076974
0.320202808507311
-1.37780641464784
0.317447196137283
0.316068913092533
-0.314690313978895
0.313311400174970
-0.311932173059671
1.37969455369950
-1.38000441643454
-1.38031289916527
-1.38062000158322
-0.305031386096397
1.38123006425373
-1.38153302389624
0.300887242500209
-1.38213479828094
1.38243361242137
-1.38273104412830
-0.295357511737012
0.293974337195668
0.292590868680012
-1.38390694069315
1.38419745579877
-0.288438713123313
1.38477433312888
0.285669164918647
0.284283961620143
1.38562926260495
-0.281512703556810
1.38619228791823
-0.278740319443038
-0.277353708582541
0.275966820368359
-1.38730170201295
0.273192217426767
0.271804505473960
-0.270416521716670
0.269028267542881
-0.267639744340846
1.38892419870950
-1.38918975515658
-1.38945392241403
-1.38971670021766
-0.260693141514643
1.39023808641379
-1.39049669428490
0.256522040386371
-1.39100973828017
1.39126417389128
-1.39151721823833
-0.250956987400842
0.249565093283252
0.248172949600590
-1.39251547794596
1.39276156220489
-0.243995035084842
1.39324955219373
0.241208536444872
0.239814924615426
1.39397108720494
-0.237026982905673
1.39444514109174
-0.234238093088305
-0.232843296125229
0.231448266318876
-1.39537651365533
0.228657513756691
0.227261793791611
-0.225865846564756
0.224469673472073
-0.223073275909735
1.39673170670192
-1.39695268495446
-1.39717226625442
-1.39739045038224
-0.216087969934915
1.39782262625008
-1.39803661755793
0.211894182117650
-1.39846040585153
1.39867020241350
-1.39887860030538
-0.206299505037782
0.204900316521901
0.203500923105719
-1.39969820102506
1.39989960246853
-0.199301527450328
1.40029820545699
0.196500931506180
0.195100338082535
1.40088560721453
-0.192298567335068
1.40127020428510
-0.189496027393588
-0.188094472478148
0.186692729468251
-1.40202258167342
0.183888684772244
0.182486385890180
-0.181083904521745
0.179681242069420
-0.178278399935868
1.40310908347080
-1.40328525726636
-1.40346002777678
-1.40363339482729
-0.171261543155383
1.40397591785652
-1.40414507349271
0.167049362721405
-1.40447917216247
1.40464411486194
-1.40480765291741
-0.161430790007674
0.160025739740282
0.158620529447164
-1.40544775544964
1.40560426786015
-0.154403952466343
1.40591307571361
0.151592126783554
0.150185985850993
1.40636574276940
-0.147373254834243
1.40666048922994
-0.144559934324670
-0.143153056526633
0.141746035575553
-1.40723310107431
0.138931569842481
0.137524127874958
-0.136116548383316
0.134708832775139
-0.133300982458139
1.40804979913956
-1.40818098809157
-1.40831076886272
-1.40843914132322
-0.126259759520212
1.40869166080017
-1.40881580756411
0.122033499374232
-1.40905987452218
1.40917979447224
-1.40929830524263
-0.116396783954154
0.114987310583955
0.113577722226455
-1.40975825417833
1.40986971730086
-0.109348281326596
1.41008841382707
0.106528104968972
0.105117856292944
1.41040588268959
-0.102297044997700
1.41061047674549
-0.0994758245144126
-0.0980650643537142
0.0966542061279597
-1.41100273674140
0.0938322011248114
0.0924210571694223
-0.0910098207929831
0.0895984934067314
-0.0881870764219933
1.41154879484707
-1.41163486462952
-1.41171952277722
-1.41180276920551
-0.0811286969236622
1.41196502657232
-1.41204403734857
0.0768926843867845
-1.41219782269171
1.41227259710482
-1.41234595924545
-0.0712435977644244
0.0698311444689917
0.0684186213424194
-1.41262528363711
1.41269158334315
-0.0641806471014428
1.41281994461596
0.0613550076831510
0.0599420952350759
1.41300189022485
-0.0571160919256264
1.41311612238966
-0.0542898601518858
-0.0528766621236602
0.0514634112187769
-1.41332762889716
0.0486367564320921
0.0472233553769450
-0.0458099070984458
0.0443964130100439
-0.0429828745252325
1.41360248792746
-1.41364335041240
-1.41368279925411
-1.41372083441314
-0.0359145656303538
1.41379266353243
-1.41382645742086
0.0316731380092813
-1.41388980368632
1.41391935600001
-1.41394749439445
-0.0260174643557318
0.0246034773638220
0.0231894657684360
-1.41404590823830
1.41406697664276
-0.0189472975016567
1.41410487123145
0.0161190882305622
0.0147049587093281
1.41415110729030
-0.0118766569661308
1.41417486060027
-0.00904830771632188
-0.00763411881186709
0.00621992227329415
-1.41420539705516
0.00339151195058591
0.00197730099486057
-0.000563088061833752
-0.000851125434280420
0.00226533807926957
1.41420877557846
-1.41420438892629
-1.41419858806984
-1.41419137301493
0.00933633904000457
1.41417270033996
-1.41416124273858
-0.0135788388939969
-1.41413408506532
1.41411838502059
-1.41410127085760
0.0192353086630980
-0.0206493815523570
-0.0220634337922371
-1.41401867338646
1.41399448891712
0.0263054524751876
1.41394187802094
-0.0291333357599154
-0.0305472344092430
1.41385235718807
0.0333749386523354
1.41378560732189
0.0362025093957173
0.0376162411705327
-0.0390299353291093
-1.41363514245752
-0.0418572051428130
-0.0432707779706693
0.0446843075277517
-0.0460977924005300
0.0475112311755198
1.41336703701451
-1.41331740571676
-1.41326636110173
-1.41321390322046
0.0545776841149797
1.41310474787042
-1.41304805051081
-0.0588169122527441
-1.41293041670591
1.41286948037825
-1.41280713118123
0.0644683864066061
-0.0658810973061352
-0.0672937423245734
-1.41254360696769
1.41247419438735
0.0715312679672241
1.41233113187525
-0.0743559297601976
-0.0757681498289460
1.41210594581217
0.0785923612498685
1.41194876111587
0.0814162583014507
0.0828280854088187
-0.0842398296881078
-1.41161744899510
-0.0870630641155592
-0.0884745514404864
0.0898859502908700
-0.0912972592553105
0.0927084769224994
1.41107813410233
-1.41098330897713
-1.41088707286874
-1.41078942587339
0.0997631464103293
1.41058989961382
-1.41048802054913
-0.103994762232669
-1.41028003105933
1.41017392084221
-1.41006640045128
0.109635454155575
-0.111045356572854
-0.112455147944785
-1.40962221932111
1.40950764970218
0.116683841691147
1.40927428205769
-0.119502389785504
-0.120911485283720
1.40891366133524
0.123729312136753
1.40866620275221
0.126546644072702
0.127955120925028
-0.129363469822243
-1.40815438260973
-0.132179778118078
-0.133587734700389
0.134995557694977
-0.136403245694018
0.137810797289824
1.40734441047852
-1.40720448861850
-1.40706315955411
-1.40692042342668
0.144846459960894
1.40663073055504
-1.40648377410052
-0.149066130662959
-1.40618564188888
1.40603446642989
-1.40588188493655
0.154690264779254
-0.156095915097402
-0.157501409319647
-1.40525750169242
1.40509789234417
0.161716941356819
1.40477445851536
-0.164526489805592
-0.165931017942610
1.40427877237766
0.168739575019272
1.40394129328387
0.171547457137860
0.172951141577917
-0.174354653066847
-1.40324948917876
-0.177161151577455
-0.178564135792634
0.179966941443693
-0.181369567127825
0.182772011442404
1.40216968914980
-1.40198481382273
-1.40179853651095
-1.40161085740076
0.189781463392903
1.40123129453724
-1.40103941116347
-0.193984868400603
-1.40065144149133
1.40045535558093
-1.40025786921529
0.199586686088380
-0.200986645044293
-0.202386403013580
-1.39945392317108
1.39924943751954
0.206584457005102
1.39883626867439
-0.209382129076172
-0.210780651737905
1.39820602466073
0.213577063321158
1.39777887060528
0.216372620596442
0.217770075374016
-0.219167312381532
-1.39690779088451
-0.221961127497666
-0.223357702812467
0.224754054769585
-0.226150181972666
0.227546083025584
1.39555926857867
-1.39532962908072
-1.39509859425326
-1.39486616432731
0.234522147189190
1.39439712011111
-1.39416050628989
-0.238704982583082
-1.39368309640430
1.39344230081733
-1.39320011178817
0.244278748070506
-0.245671582228541
-0.247064170715015
-1.39221742611438
1.39196827353500
0.251240448220420
1.39146579272230
-0.254023379342043
-0.255414464563486
1.39070163614748
0.258195867372214
1.39018524449880
0.260976237397817
0.262366031641322
-0.263755563518817
-1.38913578107188
-0.266533834617916
-0.267922571061248
0.269311039582032
-0.270699238791797
0.272087167302348
1.38751991725819
-1.38724574872014
-1.38697019293646
-1.38669325018270
0.279022700798913
1.38613520487411
-1.38585410287732
-0.283180683721044
-1.38528774160428
1.38500248289438
-1.38471583918211
0.288720689959282
-0.290104973178965
-0.291488966293699
-1.38355542006301
1.38326185566625
0.295639191169737
1.38267057738245
-0.298404531863612
-0.299786755295049
1.38177329067604
0.302550301415810
1.38116819017405
0.305312637335769
0.306693348017339
-0.308073752005585
-1.37994141759983
-0.310833634380804
-0.312213110007895
0.313592273421901
-0.314971123243659
0.316349658094321
1.37805986678163
-1.37774144992812
-1.37742165533326
-1.37710048331687
0.323237559543561
1.37645400830553
-1.37612870595706
-0.327366432582736
-1.37547397320101
1.37514454344818
-1.37481373855091
0.332867007089478